/**:
  ros__parameters:
    m1: 0.040466
    m2: 0.009801

    l1: 0.05415
    l2: 0.096608

    L1: 0.093525
    L2: 0.129

    J1: 0.000024054318
    J2: 0.000014790595

    b1: 0.0001
    b2: 0.00028

    L: 0.005
    R: 7.8
    Km: 0.09
