/**:
  ros__parameters:
    m1: 0.040466
    m2: 0.009801
    l1: 0.05415
    l2: 0.096608
    L1: 0.093525
    L2: 0.129
    J1: 5.96237099e-04
    J2: 0.000014790595
    b1: 1.16511498e-02
    b2: 1.7905703040590617e-05
    # b1: 0.008
    # b1: 0.000868614247692284

    Kt: 0.103375
    R: 16.0
    Kemf: 0.00130899693899575
