/**:
  ros__parameters:
    m1: 0.049516791308169786
    m2: 0.008298037379085858
    l1: 0.0647716016621394
    l2: 0.05830823780438202
    L1: 0.07948297420889584
    L2: 0.09739177500000014
    J1: 4.12968967677489e-05
    J2: 5.627983195416846e-06
    b1: 7.923653601699218e-11
    b2: 1.4455825380821696e-05

